H =

  10×10 logical array

   1   0   0   0   0   0   0   1   0   0
   1   1   0   0   0   0   0   0   1   0
   0   1   1   0   0   0   0   1   0   0
   1   0   1   0   0   0   0   0   0   0
   0   1   0   0   0   0   1   1   1   1
   0   0   0   1   0   0   1   0   0   0
   0   0   0   0   0   1   0   0   0   0
   0   1   0   0   0   0   0   0   0   0
   1   0   0   1   0   0   0   0   0   0
   1   1   0   0   0   0   0   0   0   0


ans =

     5     5     2     2     0     1     2     3     2     1

# iterations: 31

Prob = 

  struct with fields:

      name: 'MathWorks/Harvard500'
     title: 'Web matrix (Numerical Computing with MATLAB, Moler, 2004)'
         A: [500×500 double]
        id: 1172
      kind: 'directed graph'
       aux: [1×1 struct]
      date: '2002'
    author: 'C. Moler'
        ed: 'T. Davis'

Elapsed time is 0.005896 seconds.
# iterations: 69
  1   1: 8.234e-02 http://www.harvard.edu                                                                       
  2  10: 1.610e-02 http://www.hbs.edu                                                                           
  3  42: 1.607e-02 http://search.harvard.edu:8765/custom/query.html                                             
  4 130: 1.595e-02 http://www.med.harvard.edu                                                                   
  5  18: 1.348e-02 http://www.gse.harvard.edu                                                                   
  6  15: 1.288e-02 http://www.hms.harvard.edu                                                                   
  7   9: 1.124e-02 http://www.ksg.harvard.edu                                                                   
  8  17: 1.093e-02 http://www.hsph.harvard.edu                                                                  
  9  46: 9.698e-03 http://www.gocrimson.com                                                                     
 10  13: 8.445e-03 http://www.hsdm.med.harvard.edu                                                              
 11 260: 8.318e-03 http://search.harvard.edu:8765/query.html                                                    
 12  19: 8.093e-03 http://www.radcliffe.edu                                                                     
 13 121: 7.725e-03 http://www.hsdm.harvard.edu                                                                  
 14  52: 7.522e-03 http://whitepages.med.harvard.edu                                                            
 15   3: 7.498e-03 http://lib.harvard.edu                                                                       
 16 222: 7.482e-03 http://www.gse.harvard.edu/sitemap.html                                                      
 17 223: 7.482e-03 http://www.gse.harvard.edu/search.html                                                       
 18 262: 7.109e-03 http://www.dana-farber.org                                                                   
 19 101: 6.888e-03 http://www.hbs.edu:8765                                                                      
 20 102: 6.888e-03 http://www.hbs.edu/siteindex/siteindex.html                                                  
 21 214: 6.872e-03 http://www.gse.harvard.edu/news                                                              
 22  16: 6.805e-03 http://www.hds.harvard.edu                                                                   
 23   7: 6.632e-03 http://search.harvard.edu:8765                                                               
 24 132: 6.486e-03 http://www.intelihealth.com                                                                  
 25  26: 6.237e-03 http://www.news.harvard.edu/gazette/calendar                                                 
 26  27: 6.237e-03 http://www.researchmatters.harvard.edu                                                       
 27   8: 6.043e-03 http://www.fas.harvard.edu                                                                   
 28   6: 5.772e-03 http://www.haa.harvard.edu                                                                   
 29  12: 5.750e-03 http://www.dce.harvard.edu                                                                   
 30  85: 5.584e-03 http://www.harvard.edu/copyright.html                                                        
 31 161: 5.569e-03 http://www.harvardpilgrim.org                                                                
 32 329: 5.560e-03 http://gocrimson.ocsn.com/tickets/harv-tickets.html                                          
 33 335: 5.535e-03 http://www.studentadvantage.com                                                              
 34  11: 5.395e-03 http://www.law.harvard.edu                                                                   
 35 249: 5.312e-03 http://www.news.harvard.edu/gazette/search                                                   
 36 261: 5.093e-03 http://www.dana-farber.org/favicon.ico                                                       
 37 281: 5.093e-03 http://www.jimmyfund.org                                                                     
 38   4: 4.765e-03 http://www.president.harvard.edu                                                             
 39 344: 4.680e-03 http://fas-www.harvard.edu/fas/directory.shtml                                               
 40 106: 4.627e-03 http://www.library.hbs.edu                                                                   
 41   5: 4.601e-03 http://www.athletics.harvard.edu                                                             
 42 229: 4.425e-03 http://www.radcliffe.edu/administration/index.html                                           
 43 231: 4.425e-03 http://www.radcliffe.edu/students/index.html                                                 
 44 232: 4.425e-03 http://www.radcliffe.edu/dev/index.html                                                      
 45 234: 4.425e-03 http://www.radcliffe.edu/alumnae/index.html                                                  
 46 236: 4.425e-03 http://www.radcliffe.edu/about/index.html                                                    
 47 237: 4.425e-03 http://www.radcliffe.edu/research/index.html                                                 
 48 238: 4.425e-03 http://www.radcliffe.edu/fellowships/index.html                                              
 49 239: 4.425e-03 http://www.radcliffe.edu/schles/index.html                                                   
 50 240: 4.425e-03 http://www.radcliffe.edu/events/index.html                                                   
 51   2: 4.402e-03 http://atwork.harvard.edu                                                                    
 52 126: 4.292e-03 http://medapps.med.harvard.edu/eventscal/asp-html/index.asp                                  
 53 241: 4.156e-03 http://www.radcliffe.edu/murray/index.html                                                   
 54 230: 4.057e-03 http://www.radcliffe.edu/contacts/index.html                                                 
 55 233: 4.057e-03 http://www.radcliffe.edu/news/index.html                                                     
 56 235: 4.057e-03 http://www.radcliffe.edu/search/SearchRad.html                                               
 57 358: 3.978e-03 http://www.hsdm.med.harvard.edu/pages/edu.htm                                                
 58  22: 3.914e-03 http://www.news.harvard.edu/gazette/daily/0302/03-berman.html                                
 59 107: 3.767e-03 http://harvardbusinessonline.hbsp.harvard.edu                                                
 60  23: 3.753e-03 http://www.news.harvard.edu/gazette/2003/01.30/13-naturalgas.html                            
 61 200: 3.714e-03 http://www.gse.harvard.edu/faculty_profiles.html                                             
 62 258: 3.545e-03 http://www.news.harvard.edu/guide                                                            
